0.2620199067017669
0.9240699253286562
0.7462159824620808
0.20145236422086862
0.2557254880090456
0.20714648328193158
0.3750990470954033
0.3239188130318596
0.3803607646448736
0.17499656583848067
2.178633905338192
0.31921370916004554
0.7539645568341162
0.2852357285326929
0.9805028967527974
0.326803220753814
0.1066736224032312
0.13438705458425174
0.30751912544866905
3.8775353988119443
0.31086404512174237
0.3254176647599155
0.2343922629496786
0.27158102177045884
0.22181634017317559
0.21653067428670172
0.49894352525866564
1.2372757371515277
0.24146499859642054
0.34827585815602585
0.15853374952514035
0.47258620014840796
0.24925700479520638
0.13309041282281597
0.4195389961500069
0.4771595927114035
0.43337870430239284
0.29335487612936634
0.2694568212849102
0.15080765576651337
1.066685134170958
0.3917500962844261
0.3834090886028852
0.2933541713330795
0.48776523396747296
0.3115175632824996
0.2774624495004831
0.08822488150830425
2.032709510340867
0.2518743783289383
