1:x2_1:x2
0.3874061715904431
0.6304451373579721
2.0805853644482566
0.9633789266214581
0.8619445092731715
0.46433743668587574
0.6046598102304924
0.938924477924486
0.8636692225412268
0.536863591715239
1.2746660695878846
0.4495061596456019
0.521769886491398
0.38135456935670375
0.5877539607357732
3.9301573361469533
0.5158165453948039
1.0704134075112994
0.8997992432826295
0.3868193994628949
0.42378774373954065
1.299247230873898
1.2870060565782608
0.9123935894103103
1.1662440484914327
0.9867951430413517
0.4813972226825418
2.9262068584909926
0.7419977393297086
0.4762838666182561
1.7580894929599953
0.7503794586421502
0.25545830676003867
0.6518477390296065
0.5580255422202176
0.268633515170707
0.37469758773408013
0.5685943032729442
0.37446006648234026
0.5061047232715846
0.8077241565976487
3.134611258570858
0.26099031366952385
0.6068665226162945
0.9600209777469905
2.2870114288399863
0.5849979202809567
0.6060859878933201
0.7210006928188315
0.6498913518978923
