0.3279177829840889
0.3865797314359844
0.13464231544850122
0.7842271550411322
0.934144329907984
0.9965832440540631
0.7452495969563451
0.9702022135086666
0.007609383297530064
0.7323306708527915
0.27533245597890005
0.9373408335458627
0.33932442011365993
0.2193532631563361
0.0045341116146243405
0.16281710284316367
0.9604735028407768
0.13275525436570082
0.2561430151540229
0.32466750064862593
0.3272697430836689
0.07226149007380646
0.09230078762862365
0.4843173286793289
0.6437684651623715
0.9839713470910897
0.5326713993805836
0.00983151721330763
0.5524485052308513
0.650015403892819
0.14176457327391034
0.7930252639234283
0.832007123304485
0.1860964949171286
0.14356653577520323
0.26045552444345144
0.7951661226891642
0.24827787840928897
0.47513136491591745
0.5637458019867924
0.23959135071513807
0.015086977287254824
0.05371360473234002
0.9127726216121534
0.6368626371794435
0.03952597097142794
0.8379123983920015
0.9677369545945429
0.7122426638790095
0.6940814656054073
