y1_y1
23.890071473374867
3.389232044551839
0.8056811338775518
0.4660767527484761
0.30916725787445254
0.8777236413324091
0.33027264716172233
3.038160766855047
2.286580400962211
0.6308299958342801
0.3572647787517967
0.46140049063336763
0.25223724272921616
6.492621689903474
2.2356642639762394
0.5925673758059694
1.290452657836712
0.3961802371588929
2.746936457035104
0.7891724828482581
0.4718727874029089
1.077904952316659
0.46443978702003014
3.740831789677755
1.3556821994203327
13.850168773312856
0.4367464116052173
0.7265366413787824
1.5916243046334686
1.3046961763936593
1.185291576494923
0.7710823720962614
0.8818875586691964
1.5447598822338342
0.9786760185397627
0.668113816010614
0.21939165509681524
0.4915489038083737
0.635469177156844
4.740292176768893
0.2866364647683433
0.4532660732192593
0.30358953147899026
4.351315501959241
1.090870823116406
0.38367522735610327
2.0343934900214986
0.5372805207147026
2.592293257201189
1.2333492461011375
